94041	3	46
94041	9	49
94041	11	53
94041	2	49
94041	5	55
94041	12	51
94041	5	55
94041	12	51
94041	20	53
94041	4	53
94041	10	54
94041	15	50
94041	5	51
94041	6	52
94041	9	51
94041	6	56
94041	8	52
94041	14	54
94041	1	58
94041	8	50
94041	1	55
94041	5	54
94041	1	58
94041	9	48
94041	2	43
94041	3	50
94041	8	54
94041	4	54
94041	6	49
94041	4	52
94041	11	58
94041	5	50
94041	11	50
94041	8	59
94041	17	51
94041	15	54
94041	8	50
94041	1	59
94041	1	51
94041	2	55
94041	5	54
94041	1	54
94041	22	54
94041	6	54
94041	8	53
94041	9	60
94041	5	56
94041	9	57
94041	12	56
94041	7	53
94041	9	60
94041	7	56
94041	2	61
94041	6	49
94041	6	56
94041	15	56
94041	1	55
94041	2	51
94041	1	59
94041	2	55
94041	3	47
94041	13	49
94041	3	52
94041	5	48
94041	13	52
94041	5	51
94041	9	50
94041	19	53
94041	2	49
94041	8	52
94041	18	52
94041	3	47
94041	13	50
94041	12	56
94041	4	62
94041	17	71
94041	8	68
94041	18	58
94041	14	63
94041	1	67
94041	11	55
94041	2	66
94041	2	57
94041	2	72
94041	5	71
94041	3	58
94041	22	70
94041	8	76
94041	7	60
94041	13	65
94041	8	71
94041	7	61
94041	20	67
94041	9	71
94041	13	62
94041	14	64
94041	7	70
94041	13	62
94041	17	65
94041	18	60
94041	1	68
94041	1	64
94041	2	60
94041	1	65
94041	7	66
94041	22	61
94041	17	73
94041	4	69
94041	3	58
94041	16	64
94041	5	68
94041	16	58
94041	14	62
94041	13	68
94041	17	57
94041	17	62
94041	8	65
94041	15	57
94041	15	66
94041	6	65
94041	15	55
94041	20	64
94041	8	55
94041	3	65
94041	10	66
94041	12	59
94041	8	63
94041	11	57
94041	12	61
94041	4	64
94041	9	56
94041	12	66
94041	7	64
94041	6	60
94041	11	76
94041	4	66
94041	15	53
94041	15	68
94041	6	66
94041	9	55
94041	4	60
94041	14	68
94041	1	74
94041	1	65
94041	3	64
94041	2	73
94041	8	66
94041	1	64
94041	7	71
94041	11	67
94041	4	64
94041	9	67
94041	6	70
94041	10	60
94041	21	69
94041	9	71
94041	8	58
94041	11	65
94041	6	71
94041	14	57
94041	2	57
94041	1	64
94041	2	54
94041	17	60
94041	6	52
94041	16	58
94041	9	60
94041	6	53
94041	13	60
94041	18	62
94041	12	53
94041	16	56
94041	15	61
94041	4	54
94041	18	56
94041	13	59
94041	11	53
94041	1	57
94041	2	52
94041	9	52
94041	1	51
94041	13	56
94041	6	54
94041	14	51
94041	15	56
94041	6	50
94041	4	56
94041	11	61
94041	6	60
94041	1	54
94041	1	57
94041	5	59
94041	4	57
94041	10	56
94041	4	60
94041	7	54
94041	17	56
94041	1	59
94041	7	52
94041	2	58
94041	3	51
94041	4	52
94041	15	55
94041	4	52
94041	11	49
94041	11	55
94041	3	47
94041	12	51
94041	12	57
94041	6	52
94041	1	57
94041	4	54
94041	1	54
94041	6	52
94041	1	58
94041	1	45
94041	4	53
94041	20	57
94041	3	57
94041	2	51
94041	4	43
94041	16	52
94041	16	59
94041	8	57
94041	14	56
94041	16	63
94041	3	55
94041	11	56
94041	16	63
94041	2	56
94041	7	57
94041	13	61
94041	2	56
94041	17	56
94041	2	54
94041	3	55
94041	4	53
94041	1	51
94041	21	62
94041	8	50
94041	8	38
94041	8	61
94041	1	57
94041	9	42
94041	3	58
94041	4	52
94041	8	42
94041	3	53
94041	16	44
94041	3	47
94041	5	45
94041	7	53
94041	4	48
94041	15	48
94041	6	56
94041	3	46
94041	9	50
94041	5	53
94041	4	48
94041	8	50
94041	13	58
94041	5	51
94041	5	48
94041	8	56
94041	13	50
94041	5	59
94041	8	50
94041	13	46
94041	2	50
94041	6	58
94041	3	56
94041	3	48
94041	4	59
94041	2	50
94041	2	50
94041	1	48
94041	4	49
94041	1	50
94041	1	43
94041	4	46
94041	4	45
94041	6	48
94041	3	49
94041	1	49
94041	11	50
94041	9	61
94041	4	52
94041	9	47
94041	5	46
94041	2	47
94041	7	41
94041	12	62
94041	4	52
94041	10	38
94041	6	60
94041	1	48
94041	2	44
94041	1	45
94041	10	55
94041	4	38
94041	15	61
94041	2	56
94041	11	38
94041	13	59
94041	4	62
94041	3	53
94041	7	50
94041	12	56
94041	13	55
94041	4	59
94041	14	54
94041	16	56
94041	4	59
94041	8	54
94041	10	60
94041	5	59
94041	5	58
94041	13	62
94041	3	60
94041	7	58
94041	3	60
94041	7	60
94041	7	55
94041	4	60
94041	1	67
94041	4	56
94041	3	60
94041	5	64
94041	1	50
94041	16	56
94041	5	60
94041	12	53
94041	10	58
94041	6	57
94041	5	56
94041	17	58
94041	6	55
94041	2	48
94041	17	57
94041	4	50
94041	5	54
94041	13	62
94041	8	55
94041	1	59
94041	3	55
94041	2	57
94041	6	57
94041	9	56
94041	13	54
94041	4	57
94041	10	57
94041	18	53
94041	3	59
94041	10	56
94041	13	53
94041	3	62
94041	1	56
94041	8	57
94041	6	60
94041	7	60
94041	15	58
94041	2	61
94041	5	56
94041	2	58
94041	11	63
94041	6	48
94041	17	60
94041	2	48
94041	11	46
94041	13	56
94041	3	53
94041	7	47
94041	19	57
94041	3	52
94041	8	51
94041	6	62
94041	3	54
94041	2	53
94041	1	59
94041	2	59
94041	9	62
94041	3	60
94041	14	60
94041	9	59
94041	9	61
94041	10	61
94041	12	59
94041	4	61
94041	10	62
94041	16	62
94041	3	57
94041	8	67
94041	8	62
94041	1	54
94041	9	63
94041	13	63
94041	9	59
94041	3	69
94041	8	56
94041	1	66
94041	8	56
94041	6	63
94041	15	63
94041	5	58
94041	13	61
94041	9	60
94041	2	63
94041	10	60
94041	10	60
94041	4	61
94041	15	64
94041	1	61
94041	5	58
94041	20	52
94041	6	61
94041	12	62
94041	14	60
94041	11	58
94041	8	58
94041	1	58
94041	7	54
94041	3	60
94041	11	59
94041	9	58
94041	9	61
94041	12	59
94041	5	57
94041	5	57
94041	19	62
94041	4	59
94041	6	58
94041	4	68
94041	1	59
94041	8	59
94041	7	61
94041	9	61
94041	7	55
94041	3	62
94041	3	54
94041	6	56
94041	14	53
94041	6	62
94041	12	59
94041	7	54
94041	5	51
94041	11	59
94041	7	58
94041	7	61
94041	12	55
94041	3	63
94041	18	63
94041	23	57
94041	1	60
94041	14	60
94041	19	58
94041	1	55
94041	10	59
94041	1	59
94041	9	53
94041	1	60
94041	5	51
94041	2	67
94041	13	60
94041	7	61
94041	9	53
94041	15	57
94041	7	55
94041	7	65
94041	9	58
94041	1	57
94041	5	61
94041	5	60
94041	5	60
94041	1	61
94041	7	56
94041	3	64
94041	19	60
94041	19	58
94041	10	63
94041	9	57
94041	15	58
94041	7	61
94041	10	61
94041	8	60
94041	5	64
94041	11	66
94041	2	65
94041	7	62
94041	7	63
94041	1	69
94041	3	61
94041	1	62
94041	11	70
94041	13	68
94041	10	53
94041	11	58
94041	3	60
94041	11	60
94041	20	63
94041	7	61
94041	11	61
94041	12	67
94041	8	58
94041	12	60
94041	7	59
94041	7	59
94041	14	62
94041	10	60
94041	8	59
94041	3	56
94041	1	58
94041	18	58
94041	13	57
94041	4	59
94041	15	69
94041	19	56
94041	12	60
94041	8	65
94041	13	62
94041	8	69
94041	10	70
94041	9	61
94041	8	54
94041	12	57
94041	1	60
94041	2	75
94041	13	74
94041	12	56
94041	8	61
94041	2	58
94041	6	65
94041	2	62
94041	17	52
94041	5	71
94041	6	67
94041	12	55
94041	6	67
94041	7	70
94041	13	56
94041	6	62
94041	5	63
94041	7	57
94041	1	61
94041	11	75
94041	9	
94041	3	62
94041	4	60
94041	17	64
94041	8	65
94041	7	56
94041	16	63
94041	8	69
94041	7	57
94041	13	62
94041	10	75
94041	9	59
94041	8	62
94041	11	76
94041	16	60
94041	10	74
94041	7	58
94041	10	67
94041	2	59
94041	14	65
94041	3	65
94041	2	60
94041	9	73
94041	5	65
94041	11	59
94041	10	71
94041	11	63
94041	10	60
94041	10	64
94041	5	67
94041	14	63
94041	3	63
94041	8	61
94041	10	59
94041	6	65
94041	11	61
94041	3	59
94041	6	65
94041	11	61
94041	6	65
94041	7	60
94041	13	61
94041	3	65
94041	11	63
94041	2	69
94041	4	64
94041	3	69
94041	8	62
94041	11	64
94041	10	65
94041	9	62
94041	5	65
94041	14	66
94041	11	60
94041	5	69
94041	12	60
94041	6	68
94041	3	63
94041	2	
94041	11	64
94041	3	62
94041	5	62
94041	2	66
94041	8	63
94041	2	62
94041	9	71
94041	18	58
94041	5	63
94041	9	61
94041	10	59
94041	14	64
94041	8	63
94041	13	59
94041	3	58
94041	11	60
94041	17	56
94041	1	59
94041	14	62
94041	15	60
94041	11	63
94041	16	63
94041	2	66
94041	10	66
94041	6	68
94041	13	68
94041	9	67
94041	3	65
94041	17	67
94041	13	69
94041	4	69
94041	20	65
94041	7	71
94041	14	66
94041	6	66
94041	8	71
94041	1	64
94041	7	64
94041	21	65
94041	5	62
94041	10	61
94041	18	63
94041	7	64
94041	7	65
94041	6	65
94041	8	65
94041	8	69
94041	18	71
94041	10	65
94041	2	67
94041	15	66
94041	7	65
94041	15	64
94041	10	64
94041	14	71
94041	11	71
94041	6	69
94041	1	64
94041	2	63
94041	6	72
94041	4	63
94041	13	62
94041	7	65
94041	17	65
94041	10	65
94041	10	68
94041	11	68
94041	8	66
94041	5	68
94041	6	67
94041	6	74
94041	7	68
94041	9	71
94041	11	69
94041	1	69
94041	16	70
94041	2	69
94041	2	68
94041	10	68
94041	2	71
94041	8	68
94041	8	63
94041	9	64
94041	15	62
94041	7	76
94041	11	74
94041	11	75
94041	7	68
94041	13	66
94041	17	64
94041	14	66
94041	14	64
94041	2	71
94041	13	66
94041	14	66
94041	3	65
94041	10	68
94041	6	74
94041	12	76
94041	13	66
94041	15	73
94041	13	71
94041	11	64
94041	13	69
94041	9	73
94041	5	67
94041	13	68
94041	8	68
94041	4	69
94041	9	67
94041	10	68
94041	2	66
94041	4	69
94041	4	66
94041	6	66
94041	12	68
94041	5	71
94041	12	72
94041	14	67
94041	7	70
94041	13	71
94041	7	70
94041	4	68
94041	15	72
94041	15	70
94041	11	71
94041	11	71
94041	3	65
94041	15	68
94041	6	65
94041	2	70
94041	3	64
94041	9	69
94041	9	71
94041	2	66
94041	4	71
94041	6	76
94041	5	63
94041	20	71
94041	10	69
94041	11	66
94041	12	72
94041	6	67
94041	6	67
94041	13	70
94041	8	66
94041	12	73
94041	11	66
94041	2	69
94041	11	79
94041	11	69
94041	1	74
94041	7	69
94041	5	75
94041	4	74
94041	10	72
94041	5	74
94041	11	70
94041	13	76
94041	8	70
94041	17	72
94041	11	75
94041	3	70
94041	3	66
94041	13	72
94041	9	71
94041	14	70
94041	9	70
94041	1	66
94041	10	70
94041	1	67
94041	3	67
94041	9	65
94041	2	66
94041	11	70
94041	10	64
94041	14	69
94041	8	69
94041	14	64
94041	20	68
94041	16	67
94041	15	65
94041	14	68
94041	8	66
94041	16	70
94041	4	68
94041	4	69
94041	6	69
94041	6	68
94041	11	69
94041	17	69
94041	7	67
94041	12	68
94041	14	70
94041	3	69
94041	9	69
94041	6	70
94041	5	70
94041	11	69
94041	7	71
94041	8	70
94041	9	69
94041	1	77
94041	12	67
94041	2	82
94041	12	69
94041	6	67
94041	8	74
94041	6	69
94041	17	67
94041	7	69
94041	7	70
94041	11	71
94041	10	70
94041	4	68
94041	3	67
94041	11	69
94041	2	69
94041	9	70
94041	5	68
94041	10	69
94041	5	68
94041	3	67
94041	8	71
94041	2	69
94041	11	67
94041	4	69
94041	6	68
94041	2	69
94041	10	68
94041	8	67
94041	18	68
94041	9	68
94041	3	66
94041	16	67
94041	13	72
94041	6	70
94041	9	70
94041	5	76
94041	3	69
94041	13	70
94041	10	78
94041	4	68
94041	5	70
94041	10	71
94041	5	73
94041	10	66
94041	4	67
94041	8	70
94041	8	68
94041	5	72
94041	7	70
94041	3	67
94041	6	68
94041	2	69
94041	12	72
94041	7	68
94041	9	69
94041	4	68
94041	8	64
94041	14	71
94041	14	69
94041	5	66
94041	11	73
94041	5	69
94041	9	68
94041	8	70
94041	10	69
94041	2	69
94041	13	68
94041	5	66
94041	5	69
94041	4	70
94041	3	73
94041	8	69
94041	2	70
94041	13	72
94041	12	78
94041	4	66
94041	8	72
94041	2	75
94041	7	67
94041	5	71
94041	2	70
94041	9	66
94041	1	70
94041	2	71
94041	3	64
94041	5	67
94041	1	66
94041	10	69
94041	10	66
94041	5	68
94041	7	70
94041	7	64
94041	6	65
94041	14	74
94041	7	67
94041	12	66
94041	12	75
94041	7	68
94041	9	66
94041	16	69
94041	5	72
94041	12	71
94041	22	69
94041	5	69
94041	1	65
94041	2	77
94041	3	64
94041	10	69
94041	4	81
94041	2	61
94041	10	71
94041	4	65
94041	18	66
94041	12	69
94041	6	67
94041	5	65
94041	18	71
94041	5	75
94041	13	62
94041	11	66
94041	4	72
94041	7	60
94041	12	66
94041	2	69
94041	12	61
94041	1	68
94041	6	63
94041	6	67
94041	6	66
94041	20	65
94041	8	66
94041	2	69
94041	13	70
94041	7	67
94041	8	66
94041	17	66
94041	6	63
94041	7	68
94041	12	70
94041	5	65
94041	7	68
94041	11	69
94041	1	66
94041	5	71
94041	4	74
94041	2	66
94041	2	74
94041	3	70
94041	15	63
94041	2	78
94041	6	70
94041	8	65
94041	4	79
94063	1	54
94063	3	54
94063	4	50
94063	7	53
94063	3	54
94063	8	53
94063	2	52
94063	1	55
94063	8	50
94063	4	49
94063	8	50
94063	7	54
94063	1	56
94063	2	52
94063	1	54
94063	1	52
94063	5	57
94063	1	58
94063	6	54
94063	3	58
94063	3	42
94063	9	54
94063	5	52
94063	4	52
94063	3	57
94063	1	52
94063	3	50
94063	5	56
94063	5	52
94063	1	50
94063	4	58
94063	1	53
94063	8	52
94063	6	53
94063	3	52
94063	6	60
94063	5	55
94063	2	58
94063	8	56
94063	3	52
94063	1	60
94063	5	56
94063	2	58
94063	1	55
94063	2	54
94063	2	60
94063	3	52
94063	1	45
94063	4	54
94063	4	47
94063	5	52
94063	9	50
94063	3	50
94063	1	52
94063	9	52
94063	4	48
94063	1	52
94063	6	52
94063	3	46
94063	1	52
94063	5	56
94063	7	64
94063	2	70
94063	9	68
94063	1	59
94063	9	63
94063	2	58
94063	1	64
94063	1	56
94063	5	72
94063	1	62
94063	7	70
94063	8	78
94063	6	64
94063	7	70
94063	3	64
94063	6	66
94063	9	68
94063	11	63
94063	7	68
94063	7	63
94063	1	60
94063	2	64
94063	3	64
94063	2	65
94063	8	64
94063	2	63
94063	7	72
94063	10	68
94063	6	58
94063	7	62
94063	8	68
94063	7	61
94063	7	68
94063	2	57
94063	7	63
94063	11	66
94063	5	65
94063	10	63
94063	1	54
94063	4	64
94063	2	65
94063	1	57
94063	1	64
94063	5	65
94063	1	60
94063	6	66
94063	1	52
94063	3	59
94063	8	62
94063	11	62
94063	8	64
94063	1	55
94063	5	66
94063	13	66
94063	3	63
94063	9	76
94063	2	62
94063	3	55
94063	7	65
94063	8	66
94063	2	60
94063	2	68
94063	3	76
94063	2	63
94063	1	68
94063	4	74
94063	11	66
94063	9	65
94063	3	68
94063	1	65
94063	5	67
94063	1	62
94063	9	70
94063	9	70
94063	1	59
94063	7	64
94063	9	70
94063	5	60
94063	1	58
94063	1	63
94063	2	54
94063	6	60
94063	7	52
94063	6	60
94063	8	52
94063	5	60
94063	9	53
94063	1	62
94063	7	60
94063	6	54
94063	3	56
94063	2	60
94063	2	55
94063	3	58
94063	2	56
94063	1	56
94063	6	52
94063	6	55
94063	5	91
94063	2	52
94063	6	56
94063	6	56
94063	2	54
94063	2	60
94063	8	58
94063	3	58
94063	5	60
94063	1	56
94063	4	62
94063	2	56
94063	1	55
94063	1	57
94063	1	54
94063	4	54
94063	4	58
94063	5	54
94063	4	47
94063	3	56
94063	2	54
94063	1	53
94063	4	60
94063	8	56
94063	9	56
94063	7	44
94063	3	55
94063	6	60
94063	8	56
94063	1	58
94063	4	63
94063	7	54
94063	2	58
94063	4	63
94063	5	56
94063	7	60
94063	3	55
94063	5	57
94063	1	62
94063	2	52
94063	4	58
94063	6	49
94063	5	60
94063	2	56
94063	1	44
94063	2	57
94063	3	52
94063	1	44
94063	3	45
94063	1	48
94063	2	53
94063	2	48
94063	2	52
94063	1	48
94063	1	50
94063	1	55
94063	1	46
94063	1	50
94063	1	52
94063	3	47
94063	7	54
94063	4	50
94063	1	50
94063	1	55
94063	1	54
94063	2	58
94063	6	50
94063	1	57
94063	1	54
94063	5	58
94063	2	58
94063	5	50
94063	1	45
94063	1	52
94063	3	49
94063	3	48
94063	2	44
94063	1	50
94063	2	60
94063	6	52
94063	4	47
94063	3	44
94063	4	62
94063	7	52
94063	1	41
94063	4	60
94063	2	48
94063	3	62
94063	2	54
94063	2	44
94063	5	56
94063	5	60
94063	3	56
94063	4	58
94063	5	60
94063	4	50
94063	7	56
94063	5	58
94063	7	56
94063	4	59
94063	8	56
94063	3	58
94063	1	59
94063	9	60
94063	1	62
94063	1	60
94063	2	54
94063	1	60
94063	2	65
94063	2	55
94063	2	60
94063	4	63
94063	11	55
94063	4	60
94063	10	58
94063	6	55
94063	13	56
94063	4	54
94063	4	56
94063	4	50
94063	1	56
94063	9	60
94063	1	58
94063	11	56
94063	5	57
94063	5	55
94063	2	58
94063	1	58
94063	9	54
94063	4	60
94063	3	55
94063	9	56
94063	3	59
94063	7	60
94063	5	60
94063	2	60
94063	7	56
94063	1	58
94063	1	60
94063	1	47
94063	8	58
94063	6	65
94063	2	46
94063	6	55
94063	8	52
94063	8	56
94063	4	52
94063	1	50
94063	4	62
94063	2	62
94063	4	60
94063	6	58
94063	2	60
94063	4	58
94063	2	52
94063	8	60
94063	4	57
94063	7	62
94063	9	60
94063	2	54
94063	2	63
94063	10	61
94063	2	64
94063	7	63
94063	1	58
94063	4	55
94063	2	62
94063	5	56
94063	2	62
94063	6	62
94063	9	58
94063	2	60
94063	7	62
94063	2	57
94063	5	62
94063	9	56
94063	2	58
94063	4	62
94063	5	52
94063	9	60
94063	3	61
94063	4	58
94063	1	61
94063	6	56
94063	3	56
94063	2	54
94063	4	58
94063	7	57
94063	3	57
94063	11	57
94063	4	53
94063	7	64
94063	6	58
94063	1	55
94063	7	66
94063	1	58
94063	6	60
94063	2	60
94063	7	52
94063	2	63
94063	7	53
94063	1	54
94063	7	54
94063	12	60
94063	2	54
94063	10	60
94063	1	53
94063	2	50
94063	5	60
94063	3	57
94063	2	60
94063	7	55
94063	5	62
94063	10	57
94063	1	58
94063	9	58
94063	1	58
94063	2	60
94063	5	52
94063	2	60
94063	1	58
94063	7	52
94063	4	58
94063	9	58
94063	6	57
94063	3	57
94063	6	58
94063	7	58
94063	1	58
94063	2	64
94063	5	56
94063	5	55
94063	6	58
94063	2	60
94063	4	55
94063	11	56
94063	2	60
94063	3	60
94063	6	58
94063	3	64
94063	6	66
94063	1	60
94063	4	64
94063	4	58
94063	10	70
94063	2	58
94063	7	68
94063	2	52
94063	8	59
94063	2	66
94063	5	60
94063	12	62
94063	4	58
94063	3	58
94063	8	65
94063	4	55
94063	10	57
94063	6	58
94063	3	57
94063	8	57
94063	3	60
94063	4	58
94063	1	58
94063	2	54
94063	1	56
94063	7	55
94063	2	54
94063	7	54
94063	2	58
94063	4	68
94063	8	55
94063	4	60
94063	3	60
94063	4	60
94063	1	70
94063	1	61
94063	6	56
94063	3	58
94063	1	70
94063	1	54
94063	9	60
94063	1	56
94063	5	64
94063	3	62
94063	4	52
94063	8	70
94063	4	54
94063	12	66
94063	1	70
94063	4	55
94063	9	62
94063	2	60
94063	5	56
94063	2	72
94063	2	68
94063	3	58
94063	9	62
94063	5	56
94063	7	60
94063	4	68
94063	4	56
94063	13	54
94063	3	75
94063	6	56
94063	10	60
94063	3	76
94063	6	58
94063	5	74
94063	6	55
94063	2	62
94063	6	68
94063	4	58
94063	7	65
94063	4	60
94063	8	71
94063	6	57
94063	9	72
94063	3	60
94063	7	58
94063	7	58
94063	2	67
94063	1	62
94063	4	60
94063	5	60
94063	5	58
94063	10	55
94063	5	64
94063	6	60
94063	6	63
94063	3	60
94063	4	64
94063	4	58
94063	1	63
94063	1	57
94063	8	60
94063	8	60
94063	1	60
94063	11	62
94063	5	62
94063	6	58
94063	5	66
94063	2	64
94063	6	60
94063	6	70
94063	7	66
94063	4	60
94063	1	63
94063	1	60
94063	6	63
94063	5	58
94063	1	66
94063	4	62
94063	1	68
94063	2	60
94063	4	59
94063	6	62
94063	2	60
94063	3	54
94063	7	60
94063	5	58
94063	9	57
94063	2	56
94063	4	57
94063	2	60
94063	2	58
94063	7	60
94063	1	58
94063	14	60
94063	1	64
94063	1	64
94063	1	65
94063	2	67
94063	3	65
94063	7	62
94063	3	65
94063	7	70
94063	3	60
94063	5	72
94063	3	66
94063	4	66
94063	4	68
94063	6	62
94063	1	64
94063	10	60
94063	3	60
94063	6	58
94063	5	58
94063	5	65
94063	8	64
94063	4	62
94063	5	66
94063	6	65
94063	5	70
94063	5	65
94063	3	64
94063	6	66
94063	3	60
94063	3	62
94063	8	68
94063	6	68
94063	6	70
94063	1	64
94063	3	72
94063	5	63
94063	6	65
94063	4	64
94063	5	65
94063	5	66
94063	4	65
94063	2	66
94063	7	68
94063	4	62
94063	4	72
94063	2	74
94063	6	66
94063	3	70
94063	2	70
94063	3	67
94063	10	68
94063	1	66
94063	9	66
94063	1	72
94063	4	67
94063	3	62
94063	3	60
94063	3	60
94063	2	76
94063	5	76
94063	5	72
94063	8	68
94063	1	66
94063	3	64
94063	1	64
94063	4	65
94063	1	63
94063	9	64
94063	1	64
94063	5	65
94063	1	78
94063	6	62
94063	3	74
94063	4	68
94063	12	62
94063	3	67
94063	4	68
94063	8	63
94063	4	68
94063	2	64
94063	3	66
94063	1	66
94063	9	68
94063	2	68
94063	8	66
94063	4	68
94063	6	72
94063	3	70
94063	4	64
94063	3	67
94063	4	70
94063	5	67
94063	3	65
94063	3	70
94063	2	70
94063	3	68
94063	5	70
94063	1	66
94063	3	68
94063	5	62
94063	2	76
94063	4	63
94063	4	65
94063	8	70
94063	6	76
94063	5	68
94063	2	70
94063	4	68
94063	4	65
94063	4	68
94063	5	66
94063	3	68
94063	3	70
94063	6	62
94063	4	68
94063	4	78
94063	6	67
94063	2	65
94063	8	72
94063	3	80
94063	5	70
94063	6	70
94063	3	76
94063	4	66
94063	4	69
94063	3	74
94063	3	66
94063	4	67
94063	3	67
94063	1	71
94063	5	66
94063	1	70
94063	6	64
94063	4	64
94063	3	68
94063	7	62
94063	6	68
94063	4	66
94063	8	60
94063	5	66
94063	3	66
94063	4	66
94063	2	67
94063	4	64
94063	4	68
94063	1	73
94063	9	66
94063	4	67
94063	13	65
94063	4	68
94063	3	68
94063	9	66
94063	3	67
94063	3	68
94063	8	66
94063	4	68
94063	1	70
94063	4	70
94063	1	65
94063	3	69
94063	7	64
94063	8	64
94063	2	76
94063	5	66
94063	5	65
94063	5	70
94063	5	67
94063	8	67
94063	4	68
94063	2	67
94063	4	65
94063	2	68
94063	4	68
94063	1	65
94063	3	66
94063	2	68
94063	5	66
94063	8	66
94063	10	68
94063	8	66
94063	2	68
94063	3	70
94063	8	64
94063	4	68
94063	6	68
94063	6	64
94063	2	67
94063	3	70
94063	4	66
94063	8	71
94063	5	76
94063	5	68
94063	1	80
94063	2	71
94063	4	68
94063	6	65
94063	1	68
94063	11	66
94063	1	74
94063	2	72
94063	8	70
94063	5	68
94063	3	70
94063	5	71
94063	7	66
94063	5	65
94063	4	66
94063	8	62
94063	5	68
94063	5	68
94063	5	62
94063	3	72
94063	5	68
94063	2	68
94063	2	68
94063	2	68
94063	11	66
94063	8	66
94063	5	71
94063	6	68
94063	6	70
94063	8	70
94063	3	78
94063	2	67
94063	4	70
94063	3	94
94063	2	68
94063	7	68
94063	3	67
94063	1	68
94063	7	62
94063	7	66
94063	2	68
94063	8	68
94063	4	62
94063	4	68
94063	9	68
94063	8	63
94063	2	64
94063	16	72
94063	6	66
94063	3	68
94063	6	70
94063	9	68
94063	4	70
94063	4	68
94063	1	70
94063	5	68
94063	3	68
94063	3	67
94063	2	68
94063	2	78
94063	1	62
94063	11	80
94063	8	68
94063	8	65
94063	2	68
94063	7	68
94063	7	68
94063	5	65
94063	6	70
94063	10	74
94063	6	60
94063	6	65
94063	7	70
94063	5	64
94063	10	65
94063	3	70
94063	4	64
94063	2	66
94063	2	67
94063	4	66
94063	10	65
94063	2	65
94063	5	65
94063	7	64
94063	4	68
94063	8	70
94063	6	64
94063	3	66
94063	8	67
94063	8	62
94063	1	68
94063	4	68
94063	12	61
94063	4	68
94063	6	68
94063	1	73
94063	4	66
94063	1	70
94063	2	78
94063	10	75
94063	2	68
94063	3	62
94063	11	78
94063	6	65
94063	2	82
94107	37	49
94107	19	47
94107	10	44
94107	115	54
94107	77	54
94107	9	53
94107	31	52
94107	61	50
94107	107	55
94107	35	53
94107	206	49
94107	87	55
94107	130	55
94107	199	55
94107	101	53
94107	117	58
94107	188	49
94107	75	50
94107	128	61
94107	185	50
94107	84	53
94107	146	60
94107	170	50
94107	22	56
94107	127	56
94107	75	53
94107	15	58
94107	54	55
94107	40	57
94107	48	58
94107	24	55
94107	115	55
94107	62	57
94107	74	53
94107	73	41
94107	11	48
94107	79	55
94107	182	52
94107	114	53
94107	108	56
94107	198	51
94107	100	56
94107	138	55
94107	212	51
94107	54	57
94107	120	57
94107	158	52
94107	30	55
94107	127	55
94107	77	58
94107	34	50
94107	61	57
94107	50	50
94107	115	55
94107	57	57
94107	185	51
94107	114	52
94107	131	54
94107	204	57
94107	107	55
94107	122	59
94107	220	53
94107	108	52
94107	110	59
94107	204	53
94107	55	58
94107	84	54
94107	50	43
94107	16	52
94107	99	55
94107	171	54
94107	41	55
94107	115	54
94107	83	59
94107	30	53
94107	69	55
94107	40	45
94107	47	55
94107	29	55
94107	156	46
94107	56	52
94107	94	52
94107	159	49
94107	55	51
94107	116	54
94107	181	51
94107	86	50
94107	107	56
94107	177	52
94107	89	48
94107	116	56
94107	159	55
94107	17	53
94107	121	63
94107	172	68
94107	131	67
94107	101	62
94107	181	61
94107	44	67
94107	106	57
94107	83	64
94107	48	66
94107	82	56
94107	82	69
94107	118	69
94107	62	62
94107	166	67
94107	147	73
94107	114	64
94107	234	65
94107	147	68
94107	129	67
94107	173	63
94107	121	66
94107	113	67
94107	213	61
94107	102	67
94107	135	68
94107	145	62
94107	26	66
94107	106	60
94107	82	65
94107	36	66
94107	82	62
94107	64	63
94107	132	64
94107	118	62
94107	185	70
94107	131	64
94107	43	57
94107	157	62
94107	157	67
94107	112	55
94107	195	60
94107	138	64
94107	117	56
94107	161	60
94107	125	63
94107	124	55
94107	156	64
94107	125	63
94107	129	57
94107	174	64
94107	58	63
94107	105	59
94107	65	65
94107	29	63
94107	57	60
94107	59	60
94107	103	66
94107	42	55
94107	167	57
94107	122	64
94107	89	57
94107	181	60
94107	121	63
94107	106	58
94107	214	64
94107	139	63
94107	109	62
94107	154	72
94107	57	62
94107	131	57
94107	166	63
94107	114	62
94107	133	59
94107	129	61
94107	42	64
94107	114	69
94107	77	74
94107	43	63
94107	74	69
94107	55	71
94107	140	65
94107	61	70
94107	137	68
94107	135	66
94107	98	68
94107	140	62
94107	122	67
94107	110	62
94107	182	64
94107	130	68
94107	114	60
94107	188	62
94107	113	67
94107	139	63
94107	76	56
94107	21	63
94107	59	58
94107	138	56
94107	119	52
94107	137	58
94107	176	62
94107	110	50
94107	163	64
94107	174	61
94107	135	52
94107	130	60
94107	147	60
94107	108	56
94107	126	56
94107	167	57
94107	41	52
94107	133	58
94107	59	55
94107	32	32
94107	52	56
94107	51	56
94107	111	54
94107	68	56
94107	171	57
94107	129	56
94107	111	53
94107	172	54
94107	99	53
94107	94	58
94107	134	57
94107	108	55
94107	73	57
94107	61	55
94107	95	58
94107	61	55
94107	155	55
94107	126	57
94107	126	56
94107	193	56
94107	29	58
94107	128	63
94107	76	59
94107	39	53
94107	39	58
94107	30	52
94107	93	52
94107	46	53
94107	194	51
94107	101	53
94107	125	53
94107	164	57
94107	72	46
94107	121	55
94107	128	55
94107	15	46
94107	93	55
94107	9	54
94107	18	47
94107	31	58
94107	77	52
94107	24	49
94107	38	54
94107	61	59
94107	26	45
94107	48	55
94107	163	55
94107	128	56
94107	27	54
94107	49	56
94107	88	44
94107	128	56
94107	170	58
94107	110	56
94107	134	61
94107	194	60
94107	138	54
94107	124	61
94107	164	61
94107	125	56
94107	136	64
94107	172	60
94107	33	55
94107	122	60
94107	55	61
94107	28	55
94107	59	57
94107	56	59
94107	83	54
94107	40	57
94107	153	60
94107	108	48
94107	113	43
94107	193	59
94107	95	56
94107	111	48
94107	18	57
94107	101	51
94107	132	46
94107	105	53
94107	35	48
94107	123	47
94107	80	52
94107	10	52
94107	73	50
94107	68	54
94107	86	50
94107	43	50
94107	110	53
94107	87	49
94107	115	54
94107	102	56
94107	106	47
94107	126	53
94107	130	54
94107	91	48
94107	103	51
94107	172	56
94107	78	52
94107	121	53
94107	115	56
94107	31	51
94107	93	54
94107	100	58
94107	108	50
94107	108	50
94107	85	57
94107	5	46
94107	61	54
94107	36	60
94107	36	54
94107	51	54
94107	161	57
94107	53	56
94107	65	52
94107	109	56
94107	61	52
94107	43	52
94107	46	55
94107	18	48
94107	20	53
94107	9	52
94107	10	44
94107	46	53
94107	51	50
94107	17	45
94107	53	50
94107	31	47
94107	8	40
94107	38	52
94107	15	47
94107	41	42
94107	28	55
94107	67	49
94107	50	42
94107	115	51
94107	145	61
94107	85	50
94107	69	51
94107	67	47
94107	25	44
94107	51	50
94107	61	48
94107	25	44
94107	104	46
94107	174	60
94107	90	50
94107	107	43
94107	153	60
94107	36	47
94107	85	45
94107	101	62
94107	28	54
94107	34	45
94107	56	58
94107	103	54
94107	41	42
94107	185	60
94107	102	54
94107	97	44
94107	178	59
94107	99	60
94107	46	51
94107	49	53
94107	103	50
94107	71	54
94107	208	54
94107	115	58
94107	88	53
94107	213	53
94107	100	61
94107	106	51
94107	201	58
94107	101	57
94107	101	59
94107	180	58
94107	39	59
94107	85	61
94107	81	59
94107	30	59
94107	50	57
94107	54	58
94107	45	63
94107	54	57
94107	119	59
94107	112	63
94107	53	54
94107	204	56
94107	90	61
94107	89	55
94107	183	57
94107	110	57
94107	116	57
94107	196	56
94107	78	56
94107	13	53
94107	215	54
94107	80	50
94107	98	56
94107	172	59
94107	36	51
94107	109	58
94107	67	57
94107	23	53
94107	49	56
94107	55	56
94107	111	57
94107	49	55
94107	189	54
94107	97	56
94107	89	58
94107	196	50
94107	118	58
94107	114	55
94107	198	55
94107	95	61
94107	29	57
94107	193	56
94107	92	59
94107	80	58
94107	160	56
94107	36	60
94107	48	59
94107	70	52
94107	19	57
94107	104	61
94107	91	51
94107	211	57
94107	97	49
94107	105	50
94107	209	55
94107	90	54
94107	101	49
94107	184	56
94107	102	52
94107	59	50
94107	119	61
94107	42	52
94107	51	54
94107	78	59
94107	29	59
94107	15	56
94107	36	58
94107	104	66
94107	11	57
94107	177	57
94107	103	58
94107	38	62
94107	76	54
94107	110	61
94107	89	62
94107	212	56
94107	54	62
94107	138	61
94107	220	58
94107	46	56
94107	96	66
94107	203	60
94107	26	56
94107	111	58
94107	187	61
94107	6	58
94107	103	60
94107	89	66
94107	93	56
94107	66	62
94107	76	62
94107	113	55
94107	41	60
94107	179	61
94107	94	58
94107	101	59
94107	207	59
94107	89	62
94107	121	57
94107	202	58
94107	76	58
94107	128	59
94107	189	60
94107	36	61
94107	34	57
94107	161	52
94107	91	60
94107	112	60
94107	201	57
94107	30	59
94107	102	56
94107	52	63
94107	79	59
94107	26	58
94107	54	60
94107	89	55
94107	38	57
94107	175	59
94107	96	57
94107	110	59
94107	186	59
94107	97	58
94107	96	54
94107	210	60
94107	60	59
94107	81	58
94107	224	65
94107	39	58
94107	118	61
94107	189	58
94107	19	59
94107	99	63
94107	58	61
94107	76	57
94107	21	57
94107	75	60
94107	86	54
94107	71	56
94107	209	53
94107	101	62
94107	43	56
94107	182	56
94107	83	56
94107	75	53
94107	225	62
94107	86	59
94107	110	61
94107	165	54
94107	72	62
94107	86	60
94107	198	56
94107	6	61
94107	117	58
94107	197	57
94107	15	57
94107	125	57
94107	71	58
94107	78	54
94107	48	59
94107	64	55
94107	100	51
94107	57	63
94107	164	57
94107	72	58
94107	59	52
94107	210	55
94107	82	58
94107	102	63
94107	175	56
94107	20	57
94107	110	58
94107	83	60
94107	102	60
94107	47	59
94107	42	61
94107	92	59
94107	27	61
94107	198	56
94107	88	60
94107	95	59
94107	161	57
94107	88	57
94107	125	59
94107	160	59
94107	89	60
94107	135	62
94107	177	65
94107	36	64
94107	120	58
94107	180	60
94107	26	67
94107	94	58
94107	58	58
94107	95	67
94107	51	59
94107	47	56
94107	120	66
94107	96	53
94107	226	59
94107	42	60
94107	40	63
94107	178	58
94107	101	62
94107	85	59
94107	163	57
94107	85	67
94107	104	59
94107	187	59
94107	71	61
94107	105	56
94107	195	58
94107	26	59
94107	97	59
94107	132	58
94107	37	61
94107	64	55
94107	50	57
94107	92	59
94107	44	53
94107	37	58
94107	97	57
94107	18	58
94107	145	66
94107	99	60
94107	114	59
94107	179	58
94107	103	58
94107	112	67
94107	164	59
94107	89	59
94107	101	54
94107	168	56
94107	39	57
94107	121	73
94107	165	67
94107	18	69
94107	68	56
94107	73	54
94107	77	61
94107	38	56
94107	26	54
94107	100	64
94107	40	61
94107	181	54
94107	103	72
94107	94	65
94107	174	55
94107	86	65
94107	123	67
94107	193	55
94107	70	63
94107	107	59
94107	172	55
94107	14	61
94107	125	71
94107	188	65
94107	37	68
94107	49	61
94107	29	57
94107	97	61
94107	27	65
94107	153	57
94107	90	60
94107	108	66
94107	184	58
94107	97	60
94107	109	74
94107	169	57
94107	96	62
94107	114	75
94107	148	60
94107	44	64
94107	121	70
94107	131	57
94107	35	63
94107	87	63
94107	53	57
94107	83	65
94107	50	61
94107	47	59
94107	100	70
94107	39	63
94107	163	57
94107	91	67
94107	82	62
94107	187	59
94107	83	61
94107	91	63
94107	67	59
94107	103	61
94107	94	63
94107	159	61
94107	91	59
94107	99	63
94107	198	60
94107	46	62
94107	110	62
94107	142	59
94107	18	62
94107	90	61
94107	50	58
94107	82	62
94107	21	61
94107	26	57
94107	110	61
94107	16	65
94107	27	58
94107	98	62
94107	41	62
94107	141	59
94107	95	63
94107	101	61
94107	157	58
94107	76	64
94107	106	62
94107	151	58
94107	19	69
94107	115	64
94107	133	57
94107	15	64
94107	37	61
94107	57	58
94107	95	62
94107	101	59
94107	54	59
94107	30	64
94107	47	61
94107	29	59
94107	90	66
94107	47	63
94107	135	55
94107	106	63
94107	92	61
94107	155	57
94107	92	63
94107	121	61
94107	157	58
94107	79	58
94107	120	58
94107	168	57
94107	27	60
94107	106	60
94107	145	56
94107	27	62
94107	104	62
94107	68	58
94107	97	60
94107	35	62
94107	149	65
94107	94	63
94107	108	63
94107	115	64
94107	85	63
94107	121	64
94107	197	65
94107	26	67
94107	104	61
94107	154	65
94107	34	66
94107	103	64
94107	83	65
94107	101	62
94107	46	67
94107	38	61
94107	92	62
94107	34	61
94107	144	58
94107	104	61
94107	124	61
94107	156	62
94107	96	66
94107	113	62
94107	134	61
94107	83	66
94107	100	68
94107	157	59
94107	36	67
94107	99	61
94107	150	62
94107	41	72
94107	100	60
94107	146	61
94107	87	67
94107	96	64
94107	55	61
94107	97	65
94107	38	59
94107	41	62
94107	116	67
94107	44	60
94107	167	59
94107	102	61
94107	89	63
94107	152	62
94107	99	64
94107	105	62
94107	149	64
94107	82	66
94107	104	63
94107	143	68
94107	36	67
94107	110	65
94107	136	66
94107	34	67
94107	96	64
94107	32	66
94107	93	65
94107	37	65
94107	46	66
94107	106	64
94107	48	67
94107	136	65
94107	91	59
94107	118	60
94107	144	60
94107	65	72
94107	110	70
94107	139	70
94107	78	65
94107	115	61
94107	155	62
94107	41	67
94107	110	60
94107	138	61
94107	33	65
94107	92	61
94107	58	64
94107	100	62
94107	56	63
94107	37	65
94107	103	65
94107	46	70
94107	138	72
94107	106	65
94107	117	68
94107	138	66
94107	88	63
94107	101	64
94107	146	67
94107	76	62
94107	121	67
94107	110	67
94107	36	67
94107	94	67
94107	33	68
94107	99	63
94107	45	64
94107	33	69
94107	90	64
94107	30	65
94107	121	68
94107	90	70
94107	109	67
94107	129	65
94107	76	64
94107	137	68
94107	121	68
94107	86	63
94107	129	68
94107	127	68
94107	33	65
94107	119	68
94107	138	68
94107	23	63
94107	111	67
94107	59	68
94107	96	64
94107	36	67
94107	59	74
94107	95	64
94107	121	64
94107	121	67
94107	19	64
94107	45	68
94107	123	71
94107	102	63
94107	96	69
94107	117	65
94107	86	64
94107	127	70
94107	124	65
94107	89	65
94107	113	70
94107	106	65
94107	30	66
94107	107	73
94107	115	67
94107	25	65
94107	110	75
94107	34	65
94107	80	65
94107	55	69
94107	36	65
94107	92	69
94107	60	70
94107	130	69
94107	83	67
94107	124	67
94107	117	72
94107	87	66
94107	114	68
94107	125	70
94107	82	65
94107	84	62
94107	63	67
94107	26	63
94107	113	66
94107	128	68
94107	29	63
94107	114	65
94107	139	67
94107	38	64
94107	22	61
94107	25	66
94107	21	64
94107	23	63
94107	21	68
94107	81	63
94107	55	62
94107	116	67
94107	91	61
94107	96	62
94107	151	67
94107	92	61
94107	100	63
94107	121	65
94107	86	62
94107	127	64
94107	121	63
94107	32	67
94107	104	65
94107	34	69
94107	85	65
94107	37	67
94107	150	67
94107	104	65
94107	109	67
94107	156	67
94107	100	65
94107	126	68
94107	146	67
94107	83	65
94107	120	68
94107	148	70
94107	57	66
94107	118	66
94107	130	69
94107	55	64
94107	138	66
94107	57	75
94107	107	63
94107	46	67
94107	47	77
94107	119	64
94107	48	65
94107	149	70
94107	93	64
94107	141	64
94107	162	68
94107	90	66
94107	144	67
94107	159	69
94107	84	65
94107	41	64
94107	39	68
94107	93	64
94107	136	68
94107	148	66
94107	26	65
94107	140	68
94107	144	66
94107	30	65
94107	118	69
94107	57	68
94107	88	64
94107	56	68
94107	45	67
94107	95	66
94107	36	67
94107	147	68
94107	90	64
94107	140	68
94107	160	67
94107	99	63
94107	127	69
94107	147	69
94107	95	68
94107	160	68
94107	135	72
94107	37	67
94107	122	68
94107	128	77
94107	31	66
94107	37	68
94107	116	67
94107	53	71
94107	74	66
94107	40	65
94107	137	70
94107	86	64
94107	43	69
94107	58	68
94107	30	70
94107	75	68
94107	51	64
94107	34	69
94107	141	69
94107	87	66
94107	100	67
94107	164	69
94107	84	62
94107	120	68
94107	135	67
94107	89	63
94107	120	69
94107	142	65
94107	31	62
94107	107	65
94107	124	69
94107	38	64
94107	97	66
94107	40	66
94107	117	65
94107	17	63
94107	59	66
94107	88	66
94107	29	66
94107	44	70
94107	155	67
94107	73	66
94107	135	68
94107	145	74
94107	99	68
94107	143	70
94107	113	70
94107	108	65
94107	137	67
94107	44	67
94107	99	62
94107	74	67
94107	34	68
94107	62	62
94107	53	67
94107	140	67
94107	68	66
94107	193	70
94107	152	65
94107	103	65
94107	181	68
94107	120	66
94107	114	63
94107	149	69
94107	144	65
94107	123	66
94107	153	70
94107	121	67
94107	104	67
94107	163	66
94107	48	71
94107	54	69
94107	140	66
94107	120	68
94107	120	65
94107	59	67
94107	46	74
94107	52	63
94107	61	67
94107	139	76
94107	71	63
94107	148	69
94107	165	62
94107	111	68
94107	160	69
94107	128	64
94107	126	65
94107	167	71
94107	146	73
94107	161	62
94107	158	65
94107	132	66
94107	106	62
94107	162	67
94107	33	65
94107	111	66
94107	91	63
94107	40	65
94107	48	66
94107	50	67
94107	130	62
94107	29	66
94107	180	63
94107	146	64
94107	23	67
94107	154	69
94107	122	65
94107	99	66
94107	164	65
94107	128	61
94107	50	68
94107	151	68
94107	98	64
94107	55	66
94107	132	66
94107	35	65
94107	69	71
94107	54	66
94107	33	68
94107	94	73
94107	42	66
94107	46	73
94107	72	65
94107	120	64
94107	141	76
94107	52	66
94107	145	65
94107	153	77
94301	1	48
94301	8	53
94301	1	52
94301	11	55
94301	1	51
94301	12	55
94301	7	53
94301	12	57
94301	7	53
94301	7	57
94301	11	59
94301	3	48
94301	6	50
94301	11	58
94301	9	50
94301	2	54
94301	10	57
94301	3	53
94301	9	55
94301	1	55
94301	4	58
94301	10	53
94301	2	56
94301	6	58
94301	3	53
94301	1	41
94301	10	55
94301	10	54
94301	9	55
94301	12	54
94301	4	52
94301	10	58
94301	10	57
94301	4	52
94301	3	60
94301	3	55
94301	4	54
94301	9	54
94301	3	56
94301	3	59
94301	3	54
94301	13	54
94301	9	54
94301	10	51
94301	4	55
94301	4	75
94301	9	54
94301	5	57
94301	4	56
94301	9	53
94301	4	62
94301	6	54
94301	2	62
94301	6	52
94301	1	42
94301	1	48
94301	8	58
94301	5	57
94301	3	56
94301	2	53
94301	1	52
94301	2	54
94301	2	48
94301	5	54
94301	7	51
94301	7	48
94301	5	52
94301	9	51
94301	7	52
94301	2	54
94301	5	53
94301	5	52
94301	10	52
94301	6	53
94301	8	50
94301	7	50
94301	5	54
94301	4	55
94301	4	63
94301	8	70
94301	6	68
94301	9	61
94301	10	64
94301	4	68
94301	3	57
94301	1	64
94301	1	66
94301	1	74
94301	9	70
94301	3	61
94301	11	68
94301	13	72
94301	8	63
94301	9	66
94301	7	69
94301	12	66
94301	5	68
94301	10	68
94301	5	65
94301	7	62
94301	12	68
94301	9	66
94301	15	64
94301	9	63
94301	4	64
94301	8	66
94301	4	64
94301	10	71
94301	5	65
94301	1	61
94301	10	64
94301	12	66
94301	4	60
94301	6	60
94301	9	68
94301	6	60
94301	2	62
94301	13	63
94301	13	59
94301	10	66
94301	5	61
94301	6	55
94301	6	63
94301	7	66
94301	6	58
94301	2	66
94301	5	61
94301	6	61
94301	14	63
94301	2	57
94301	6	58
94301	15	63
94301	9	59
94301	8	60
94301	14	63
94301	6	56
94301	3	64
94301	8	62
94301	8	63
94301	12	74
94301	3	64
94301	12	56
94301	9	65
94301	11	60
94301	5	59
94301	6	60
94301	2	64
94301	4	70
94301	2	62
94301	2	68
94301	1	70
94301	5	68
94301	1	67
94301	10	70
94301	7	65
94301	14	67
94301	9	65
94301	8	70
94301	10	62
94301	7	66
94301	10	70
94301	6	60
94301	10	62
94301	6	66
94301	6	62
94301	1	58
94301	3	63
94301	6	55
94301	7	62
94301	11	50
94301	4	59
94301	6	59
94301	12	50
94301	10	62
94301	9	62
94301	9	52
94301	5	62
94301	12	64
94301	6	54
94301	6	56
94301	7	58
94301	1	50
94301	2	56
94301	2	56
94301	4	54
94301	4	57
94301	10	55
94301	2	53
94301	5	55
94301	6	52
94301	6	52
94301	9	55
94301	5	55
94301	5	57
94301	3	64
94301	9	54
94301	3	57
94301	2	56
94301	4	60
94301	2	59
94301	6	58
94301	6	58
94301	5	56
94301	11	58
94301	4	59
94301	3	62
94301	4	54
94301	2	53
94301	9	53
94301	12	55
94301	8	55
94301	7	53
94301	1	54
94301	7	50
94301	8	53
94301	3	55
94301	6	54
94301	1	54
94301	3	57
94301	1	50
94301	6	56
94301	1	44
94301	5	56
94301	7	56
94301	10	56
94301	4	55
94301	6	45
94301	9	57
94301	5	58
94301	10	60
94301	13	61
94301	6	62
94301	8	54
94301	12	60
94301	9	60
94301	12	54
94301	4	61
94301	9	60
94301	6	59
94301	2	58
94301	1	58
94301	1	52
94301	2	54
94301	9	60
94301	10	48
94301	7	41
94301	13	60
94301	12	58
94301	6	44
94301	10	54
94301	2	46
94301	6	54
94301	2	50
94301	5	48
94301	1	48
94301	12	47
94301	4	48
94301	2	55
94301	16	48
94301	5	53
94301	3	58
94301	8	47
94301	3	51
94301	5	54
94301	15	48
94301	10	51
94301	8	56
94301	2	51
94301	4	52
94301	2	57
94301	3	52
94301	4	53
94301	5	52
94301	8	50
94301	4	49
94301	4	53
94301	5	58
94301	2	58
94301	1	51
94301	2	58
94301	2	52
94301	1	54
94301	2	53
94301	2	52
94301	1	49
94301	2	49
94301	4	46
94301	1	55
94301	2	48
94301	4	48
94301	9	50
94301	2	62
94301	6	53
94301	3	50
94301	1	47
94301	1	49
94301	2	46
94301	6	44
94301	8	63
94301	8	51
94301	3	40
94301	4	62
94301	2	46
94301	2	45
94301	1	64
94301	5	56
94301	2	39
94301	3	62
94301	7	58
94301	5	40
94301	9	60
94301	6	60
94301	5	49
94301	1	52
94301	10	50
94301	9	57
94301	3	57
94301	9	56
94301	5	55
94301	8	56
94301	14	66
94301	7	55
94301	8	60
94301	7	59
94301	7	60
94301	7	60
94301	2	60
94301	2	59
94301	2	60
94301	1	58
94301	2	57
94301	8	57
94301	3	65
94301	10	64
94301	4	52
94301	4	56
94301	7	62
94301	7	54
94301	8	58
94301	9	58
94301	3	58
94301	5	58
94301	7	57
94301	2	49
94301	7	64
94301	9	52
94301	5	57
94301	6	62
94301	1	58
94301	4	58
94301	6	55
94301	9	56
94301	7	56
94301	4	60
94301	7	60
94301	11	56
94301	5	56
94301	5	54
94301	8	58
94301	4	58
94301	8	56
94301	10	60
94301	8	60
94301	8	73
94301	1	60
94301	7	59
94301	1	57
94301	8	61
94301	5	50
94301	12	56
94301	7	49
94301	9	47
94301	6	56
94301	11	54
94301	5	47
94301	6	56
94301	4	50
94301	4	52
94301	3	62
94301	1	54
94301	6	53
94301	1	60
94301	7	60
94301	1	63
94301	9	60
94301	7	56
94301	1	62
94301	10	58
94301	11	63
94301	7	58
94301	1	66
94301	9	63
94301	3	63
94301	2	58
94301	13	67
94301	7	62
94301	7	62
94301	7	62
94301	4	58
94301	6	58
94301	1	63
94301	3	66
94301	13	54
94301	2	60
94301	8	66
94301	12	56
94301	8	62
94301	7	61
94301	8	63
94301	10	60
94301	9	58
94301	14	58
94301	12	58
94301	13	62
94301	1	59
94301	8	52
94301	5	57
94301	5	60
94301	10	56
94301	7	60
94301	1	61
94301	13	58
94301	1	57
94301	1	62
94301	19	56
94301	13	60
94301	12	56
94301	7	58
94301	12	60
94301	11	56
94301	7	56
94301	4	63
94301	13	58
94301	10	58
94301	11	65
94301	2	58
94301	9	60
94301	14	60
94301	3	59
94301	4	60
94301	13	56
94301	19	55
94301	9	56
94301	10	52
94301	4	62
94301	2	56
94301	10	64
94301	9	53
94301	3	52
94301	11	62
94301	11	54
94301	6	60
94301	9	54
94301	4	62
94301	9	63
94301	6	56
94301	6	60
94301	7	60
94301	10	56
94301	1	60
94301	6	60
94301	5	60
94301	2	60
94301	10	55
94301	4	65
94301	8	60
94301	8	60
94301	2	52
94301	7	55
94301	11	53
94301	4	64
94301	10	55
94301	1	58
94301	5	60
94301	14	62
94301	4	60
94301	2	62
94301	18	58
94301	2	63
94301	16	60
94301	10	60
94301	6	62
94301	10	58
94301	10	57
94301	4	62
94301	7	60
94301	7	58
94301	8	62
94301	9	75
94301	4	70
94301	10	61
94301	9	60
94301	2	70
94301	9	62
94301	2	63
94301	15	68
94301	2	60
94301	20	66
94301	5	54
94301	9	56
94301	1	61
94301	2	66
94301	14	60
94301	12	62
94301	6	63
94301	16	60
94301	11	66
94301	7	58
94301	11	60
94301	3	60
94301	2	58
94301	9	60
94301	1	57
94301	3	60
94301	7	60
94301	2	55
94301	11	56
94301	3	65
94301	15	55
94301	9	68
94301	13	58
94301	2	60
94301	11	62
94301	11	62
94301	5	74
94301	7	60
94301	7	60
94301	5	54
94301	2	57
94301	3	60
94301	4	79
94301	9	70
94301	1	66
94301	2	56
94301	3	54
94301	13	60
94301	1	58
94301	13	63
94301	4	61
94301	8	58
94301	12	68
94301	5	66
94301	3	55
94301	12	66
94301	5	68
94301	9	57
94301	8	62
94301	4	60
94301	5	55
94301	1	60
94301	5	72
94301	8	67
94301	2	68
94301	3	61
94301	1	60
94301	14	63
94301	3	64
94301	13	57
94301	12	62
94301	6	68
94301	8	58
94301	16	63
94301	8	75
94301	15	62
94301	11	66
94301	5	74
94301	13	60
94301	1	70
94301	2	72
94301	13	57
94301	5	65
94301	5	65
94301	3	60
94301	16	66
94301	1	65
94301	2	60
94301	10	73
94301	2	66
94301	10	58
94301	11	70
94301	11	64
94301	11	62
94301	5	64
94301	11	66
94301	7	63
94301	10	66
94301	9	62
94301	9	58
94301	8	65
94301	13	62
94301	3	64
94301	11	68
94301	6	62
94301	1	60
94301	7	63
94301	6	65
94301	1	64
94301	2	60
94301	14	66
94301	5	68
94301	12	64
94301	8	63
94301	13	65
94301	2	64
94301	12	63
94301	6	65
94301	6	68
94301	17	60
94301	1	72
94301	5	68
94301	8	60
94301	1	67
94301	1	63
94301	15	63
94301	7	59
94301	1	68
94301	2	67
94301	3	63
94301	2	62
94301	15	70
94301	8	60
94301	15	62
94301	5	60
94301	11	60
94301	22	64
94301	12	64
94301	10	62
94301	8	60
94301	9	59
94301	9	56
94301	9	62
94301	10	61
94301	1	62
94301	3	64
94301	3	58
94301	11	63
94301	1	67
94301	6	66
94301	16	66
94301	2	66
94301	6	66
94301	12	66
94301	7	68
94301	1	70
94301	5	75
94301	7	70
94301	2	66
94301	16	67
94301	6	62
94301	9	63
94301	17	62
94301	6	62
94301	8	63
94301	17	66
94301	1	66
94301	9	63
94301	14	67
94301	1	72
94301	9	68
94301	3	67
94301	3	65
94301	13	64
94301	5	78
94301	5	63
94301	12	65
94301	14	69
94301	2	70
94301	2	65
94301	8	68
94301	2	64
94301	11	70
94301	3	65
94301	8	64
94301	9	65
94301	6	66
94301	12	66
94301	11	70
94301	1	70
94301	8	67
94301	10	68
94301	3	66
94301	9	72
94301	2	70
94301	6	68
94301	10	72
94301	2	68
94301	5	70
94301	4	70
94301	12	68
94301	1	68
94301	1	68
94301	16	70
94301	2	71
94301	9	68
94301	13	61
94301	4	63
94301	13	62
94301	11	74
94301	3	74
94301	6	76
94301	21	68
94301	1	66
94301	10	62
94301	2	70
94301	4	65
94301	9	65
94301	4	68
94301	4	66
94301	13	64
94301	2	68
94301	17	68
94301	7	72
94301	15	80
94301	15	70
94301	6	71
94301	15	70
94301	15	64
94301	4	70
94301	11	70
94301	7	68
94301	6	69
94301	7	66
94301	1	68
94301	1	68
94301	1	68
94301	3	68
94301	1	69
94301	5	67
94301	13	72
94301	5	70
94301	6	74
94301	12	66
94301	7	68
94301	3	70
94301	8	70
94301	5	67
94301	2	73
94301	2	70
94301	4	68
94301	7	70
94301	2	72
94301	3	64
94301	5	70
94301	1	71
94301	12	64
94301	9	64
94301	4	70
94301	7	70
94301	6	66
94301	5	70
94301	5	78
94301	10	64
94301	6	73
94301	3	68
94301	17	70
94301	8	72
94301	4	68
94301	10	65
94301	12	70
94301	7	67
94301	4	68
94301	13	84
94301	3	65
94301	4	67
94301	5	76
94301	4	64
94301	14	68
94301	5	73
94301	16	70
94301	3	74
94301	4	72
94301	20	70
94301	3	71
94301	1	74
94301	14	68
94301	8	73
94301	1	72
94301	10	68
94301	3	66
94301	2	71
94301	1	66
94301	7	70
94301	7	71
94301	4	68
94301	15	70
94301	2	70
94301	1	66
94301	2	66
94301	4	70
94301	4	68
94301	10	68
94301	2	70
94301	8	64
94301	1	68
94301	8	70
94301	7	64
94301	9	68
94301	6	72
94301	10	64
94301	5	67
94301	13	63
94301	9	66
94301	8	70
94301	15	66
94301	3	68
94301	3	72
94301	11	68
94301	1	68
94301	2	68
94301	13	68
94301	10	70
94301	7	70
94301	11	68
94301	9	68
94301	8	68
94301	9	68
94301	5	69
94301	10	74
94301	3	68
94301	8	70
94301	6	73
94301	6	67
94301	7	70
94301	16	65
94301	1	71
94301	10	68
94301	2	71
94301	10	68
94301	8	68
94301	3	71
94301	16	68
94301	8	68
94301	6	70
94301	14	68
94301	5	68
94301	22	66
94301	4	71
94301	4	70
94301	2	66
94301	5	69
94301	7	68
94301	1	66
94301	3	71
94301	1	70
94301	14	66
94301	1	70
94301	8	68
94301	2	68
94301	5	68
94301	5	66
94301	13	68
94301	4	65
94301	7	72
94301	11	68
94301	5	70
94301	9	68
94301	15	72
94301	11	74
94301	2	68
94301	8	70
94301	6	76
94301	2	66
94301	4	71
94301	9	70
94301	12	66
94301	11	70
94301	11	68
94301	7	74
94301	2	70
94301	10	71
94301	8	66
94301	5	69
94301	5	68
94301	11	70
94301	9	67
94301	16	70
94301	3	68
94301	13	64
94301	14	71
94301	5	68
94301	9	66
94301	4	75
94301	9	66
94301	2	64
94301	10	68
94301	5	72
94301	1	62
94301	3	67
94301	16	60
94301	2	68
94301	4	66
94301	10	68
94301	3	71
94301	14	66
94301	6	70
94301	9	71
94301	8	74
94301	4	67
94301	10	72
94301	9	73
94301	8	67
94301	8	70
94301	7	66
94301	2	70
94301	4	65
94301	4	70
94301	4	68
94301	1	68
94301	13	68
94301	6	66
94301	7	71
94301	6	68
94301	9	64
94301	11	67
94301	6	72
94301	5	66
94301	7	69
94301	3	74
94301	8	68
94301	3	69
94301	12	68
94301	12	66
94301	8	67
94301	5	66
94301	6	75
94301	4	64
94301	1	70
94301	4	78
94301	6	63
94301	1	70
94301	8	65
94301	3	68
94301	8	68
94301	5	65
94301	2	68
94301	5	70
94301	9	72
94301	3	63
94301	6	66
94301	10	68
94301	6	65
94301	11	64
94301	4	67
94301	3	65
94301	2	70
94301	6	65
94301	2	67
94301	1	65
94301	14	66
94301	1	66
94301	12	66
94301	12	64
94301	3	70
94301	10	70
94301	10	67
94301	5	67
94301	8	64
94301	8	62
94301	5	70
94301	11	70
94301	10	65
94301	2	70
94301	7	68
94301	3	73
94301	2	68
94301	1	68
94301	5	66
94301	3	73
94301	14	64
94301	10	76
94301	4	73
94301	9	66
94301	14	78
95113	1	42
95113	11	52
95113	4	54
95113	1	52
95113	9	51
95113	2	50
95113	3	56
95113	3	52
95113	7	51
95113	9	55
95113	10	56
95113	7	54
95113	6	54
95113	14	57
95113	8	51
95113	5	50
95113	12	55
95113	7	51
95113	6	58
95113	14	56
95113	5	53
95113	1	58
95113	10	54
95113	1	54
95113	2	54
95113	1	55
95113	5	59
95113	8	53
95113	5	53
95113	3	60
95113	7	52
95113	2	42
95113	5	48
95113	11	54
95113	7	51
95113	5	58
95113	10	53
95113	6	50
95113	6	59
95113	18	55
95113	9	47
95113	15	54
95113	8	52
95113	1	54
95113	11	53
95113	4	56
95113	2	52
95113	6	58
95113	6	53
95113	4	58
95113	6	52
95113	4	55
95113	8	55
95113	8	59
95113	5	56
95113	6	58
95113	8	56
95113	6	53
95113	12	62
95113	11	54
95113	1	62
95113	4	52
95113	4	43
95113	2	49
95113	11	56
95113	11	57
95113	3	55
95113	11	52
95113	4	57
95113	4	52
95113	2	45
95113	6	55
95113	2	51
95113	6	48
95113	7	50
95113	6	51
95113	1	51
95113	8	54
95113	3	54
95113	7	50
95113	15	54
95113	7	53
95113	4	47
95113	10	53
95113	7	57
95113	4	63
95113	9	70
95113	7	69
95113	5	62
95113	5	64
95113	2	67
95113	7	58
95113	4	65
95113	8	69
95113	5	59
95113	2	71
95113	13	72
95113	6	60
95113	5	71
95113	12	77
95113	7	63
95113	9	64
95113	12	73
95113	7	63
95113	10	66
95113	11	72
95113	10	66
95113	13	63
95113	5	70
95113	10	65
95113	7	63
95113	2	67
95113	14	64
95113	4	66
95113	2	64
95113	4	64
95113	5	65
95113	7	65
95113	4	64
95113	17	72
95113	7	68
95113	2	62
95113	8	61
95113	5	67
95113	7	61
95113	6	59
95113	14	67
95113	6	62
95113	7	60
95113	7	65
95113	16	60
95113	7	65
95113	5	67
95113	10	55
95113	4	65
95113	3	66
95113	12	58
95113	1	64
95113	1	66
95113	6	61
95113	1	60
95113	6	67
95113	6	57
95113	9	58
95113	5	63
95113	10	59
95113	8	60
95113	9	65
95113	9	56
95113	6	64
95113	6	63
95113	3	62
95113	10	75
95113	5	66
95113	14	56
95113	9	68
95113	6	65
95113	12	58
95113	3	58
95113	5	70
95113	1	75
95113	4	67
95113	3	67
95113	4	74
95113	7	69
95113	14	67
95113	9	72
95113	7	68
95113	6	68
95113	11	69
95113	8	70
95113	12	63
95113	6	70
95113	10	73
95113	6	59
95113	9	65
95113	12	70
95113	7	61
95113	5	56
95113	6	64
95113	13	55
95113	8	60
95113	8	51
95113	5	59
95113	6	59
95113	14	53
95113	9	62
95113	6	61
95113	11	52
95113	6	60
95113	9	60
95113	10	54
95113	10	57
95113	8	59
95113	2	54
95113	15	55
95113	3	57
95113	6	54
95113	1	52
95113	5	55
95113	9	53
95113	2	54
95113	8	53
95113	8	54
95113	5	53
95113	8	55
95113	9	55
95113	5	57
95113	4	59
95113	7	57
95113	4	57
95113	4	55
95113	9	58
95113	3	58
95113	4	55
95113	10	60
95113	8	56
95113	5	55
95113	6	59
95113	3	58
95113	6	53
95113	1	55
95113	15	53
95113	4	53
95113	6	52
95113	6	51
95113	5	53
95113	12	54
95113	6	47
95113	4	53
95113	8	56
95113	1	45
95113	7	54
95113	1	56
95113	3	46
95113	1	57
95113	4	52
95113	3	45
95113	2	57
95113	2	56
95113	5	55
95113	8	56
95113	10	55
95113	1	57
95113	8	45
95113	10	54
95113	9	57
95113	9	54
95113	9	58
95113	9	62
95113	8	55
95113	7	60
95113	12	62
95113	9	55
95113	13	62
95113	10	60
95113	8	56
95113	4	58
95113	2	62
95113	5	53
95113	4	61
95113	5	62
95113	8	52
95113	7	59
95113	7	49
95113	4	41
95113	9	58
95113	5	57
95113	8	44
95113	2	57
95113	7	53
95113	12	44
95113	2	51
95113	4	50
95113	4	47
95113	6	50
95113	4	48
95113	3	52
95113	10	46
95113	4	47
95113	10	48
95113	6	52
95113	4	55
95113	6	50
95113	1	53
95113	3	52
95113	13	49
95113	4	53
95113	7	56
95113	6	51
95113	1	50
95113	1	49
95113	5	53
95113	3	58
95113	7	51
95113	2	48
95113	2	58
95113	2	48
95113	6	56
95113	4	52
95113	3	58
95113	5	57
95113	7	51
95113	3	59
95113	4	51
95113	2	53
95113	1	52
95113	1	53
95113	4	49
95113	2	46
95113	1	48
95113	3	44
95113	1	40
95113	1	51
95113	2	47
95113	6	44
95113	6	52
95113	4	50
95113	3	44
95113	9	49
95113	2	60
95113	5	52
95113	4	50
95113	4	45
95113	5	45
95113	2	48
95113	4	46
95113	3	46
95113	7	43
95113	8	61
95113	8	51
95113	2	41
95113	5	60
95113	4	50
95113	7	42
95113	4	62
95113	1	42
95113	6	58
95113	5	58
95113	1	39
95113	11	60
95113	7	56
95113	4	38
95113	7	58
95113	6	63
95113	9	49
95113	2	53
95113	8	48
95113	12	57
95113	3	54
95113	8	59
95113	11	56
95113	6	55
95113	11	60
95113	12	56
95113	12	58
95113	8	59
95113	14	59
95113	6	62
95113	4	60
95113	11	58
95113	16	60
95113	3	58
95113	1	56
95113	4	60
95113	2	64
95113	2	55
95113	4	60
95113	12	65
95113	2	50
95113	6	57
95113	9	60
95113	11	54
95113	10	59
95113	13	56
95113	11	56
95113	11	60
95113	5	53
95113	2	48
95113	12	55
95113	1	48
95113	8	55
95113	6	61
95113	3	55
95113	16	57
95113	6	58
95113	2	54
95113	16	57
95113	2	56
95113	3	57
95113	4	57
95113	8	54
95113	6	60
95113	10	59
95113	6	51
95113	6	59
95113	9	55
95113	5	54
95113	8	62
95113	6	57
95113	11	58
95113	4	61
95113	11	59
95113	5	57
95113	3	62
95113	3	57
95113	3	52
95113	4	57
95113	6	65
95113	9	48
95113	8	60
95113	5	49
95113	9	46
95113	9	59
95113	8	54
95113	8	47
95113	8	60
95113	1	53
95113	6	50
95113	3	61
95113	6	53
95113	2	51
95113	2	60
95113	4	57
95113	2	61
95113	3	62
95113	2	60
95113	9	59
95113	4	61
95113	7	59
95113	3	52
95113	8	63
95113	10	62
95113	6	62
95113	6	63
95113	7	63
95113	10	62
95113	5	56
95113	10	64
95113	13	62
95113	1	53
95113	11	62
95113	6	65
95113	9	58
95113	7	72
95113	9	56
95113	4	64
95113	12	68
95113	9	55
95113	8	63
95113	4	57
95113	3	59
95113	6	61
95113	8	62
95113	10	58
95113	13	60
95113	9	60
95113	12	61
95113	8	64
95113	5	63
95113	6	57
95113	7	52
95113	9	63
95113	6	62
95113	7	60
95113	4	62
95113	6	58
95113	5	61
95113	4	58
95113	12	59
95113	2	63
95113	8	55
95113	5	58
95113	7	60
95113	8	56
95113	9	61
95113	9	59
95113	11	57
95113	11	56
95113	4	62
95113	7	59
95113	11	57
95113	12	69
95113	8	60
95113	9	56
95113	7	63
95113	2	60
95113	9	61
95113	6	64
95113	6	54
95113	3	57
95113	2	63
95113	13	54
95113	10	56
95113	8	52
95113	7	63
95113	3	55
95113	11	61
95113	11	55
95113	3	50
95113	4	59
95113	12	60
95113	12	61
95113	9	55
95113	6	63
95113	7	63
95113	8	59
95113	1	61
95113	12	60
95113	7	58
95113	9	58
95113	10	60
95113	1	53
95113	2	60
95113	2	60
95113	9	51
95113	3	69
95113	6	62
95113	12	62
95113	7	50
95113	15	56
95113	11	56
95113	6	66
95113	5	58
95113	11	62
95113	5	62
95113	7	62
95113	9	57
95113	6	65
95113	7	58
95113	7	59
95113	14	64
95113	4	57
95113	7	58
95113	9	59
95113	4	60
95113	2	60
95113	3	64
95113	4	64
95113	9	63
95113	5	65
95113	3	70
95113	11	61
95113	7	63
95113	2	72
95113	4	60
95113	6	60
95113	13	69
95113	9	52
95113	7	57
95113	3	63
95113	7	65
95113	2	62
95113	4	65
95113	11	62
95113	5	62
95113	4	67
95113	7	58
95113	7	62
95113	4	59
95113	14	57
95113	5	62
95113	4	58
95113	9	59
95113	13	59
95113	4	58
95113	6	57
95113	8	55
95113	11	57
95113	4	59
95113	8	68
95113	9	56
95113	15	60
95113	3	62
95113	9	61
95113	12	67
95113	4	62
95113	9	61
95113	10	55
95113	8	59
95113	1	61
95113	11	76
95113	3	69
95113	8	55
95113	4	54
95113	8	62
95113	7	59
95113	2	53
95113	9	66
95113	7	53
95113	14	71
95113	8	68
95113	1	54
95113	13	69
95113	12	72
95113	5	56
95113	2	62
95113	4	65
95113	3	57
95113	8	75
95113	2	71
95113	2	69
95113	6	60
95113	7	66
95113	6	63
95113	4	58
95113	8	63
95113	7	68
95113	8	56
95113	10	64
95113	3	75
95113	5	58
95113	8	62
95113	13	76
95113	6	61
95113	5	63
95113	9	74
95113	5	59
95113	1	66
95113	4	67
95113	4	59
95113	6	67
95113	9	63
95113	6	60
95113	11	73
95113	9	64
95113	4	60
95113	9	74
95113	7	61
95113	7	60
95113	5	64
95113	9	69
95113	7	63
95113	6	63
95113	8	63
95113	6	61
95113	6	59
95113	6	66
95113	10	62
95113	3	58
95113	9	66
95113	6	61
95113	10	59
95113	11	66
95113	2	62
95113	12	60
95113	10	65
95113	9	61
95113	8	63
95113	2	69
95113	31	63
95113	13	64
95113	5	68
95113	7	63
95113	12	64
95113	2	63
95113	4	65
95113	4	67
95113	6	64
95113	2	62
95113	5	74
95113	12	68
95113	10	62
95113	9	61
95113	8	64
95113	8	61
95113	4	69
95113	4	66
95113	9	74
95113	3	62
95113	6	58
95113	9	64
95113	12	60
95113	3	60
95113	8	63
95113	17	61
95113	3	60
95113	3	58
95113	14	59
95113	2	54
95113	4	60
95113	15	60
95113	6	62
95113	2	64
95113	13	62
95113	8	61
95113	10	64
95113	8	66
95113	4	65
95113	12	71
95113	14	67
95113	9	68
95113	2	65
95113	12	68
95113	13	71
95113	3	70
95113	11	65
95113	2	72
95113	7	72
95113	7	66
95113	12	72
95113	12	67
95113	5	72
95113	1	65
95113	8	63
95113	1	64
95113	6	62
95113	4	61
95113	6	62
95113	5	65
95113	5	65
95113	6	65
95113	13	66
95113	5	69
95113	8	71
95113	3	64
95113	9	66
95113	5	66
95113	5	73
95113	6	63
95113	2	64
95113	11	71
95113	7	70
95113	6	72
95113	2	63
95113	10	75
95113	9	64
95113	4	63
95113	6	66
95113	8	66
95113	1	66
95113	6	68
95113	11	66
95113	2	68
95113	8	69
95113	16	66
95113	3	74
95113	3	75
95113	10	69
95113	4	73
95113	2	74
95113	6	69
95113	3	69
95113	9	73
95113	4	68
95113	4	68
95113	4	72
95113	3	72
95113	5	69
95113	4	65
95113	10	66
95113	5	63
95113	10	78
95113	14	77
95113	7	77
95113	7	71
95113	15	66
95113	5	64
95113	8	75
95113	8	68
95113	4	66
95113	4	74
95113	8	65
95113	1	67
95113	15	67
95113	6	66
95113	3	71
95113	13	69
95113	2	75
95113	1	76
95113	5	67
95113	5	76
95113	4	73
95113	8	66
95113	15	68
95113	7	77
95113	6	69
95113	8	69
95113	5	67
95113	4	67
95113	5	68
95113	3	67
95113	11	71
95113	13	66
95113	10	68
95113	3	68
95113	6	69
95113	12	62
95113	15	74
95113	4	67
95113	10	73
95113	10	72
95113	3	72
95113	8	69
95113	16	73
95113	6	72
95113	1	70
95113	5	69
95113	3	70
95113	2	68
95113	5	69
95113	4	69
95113	5	66
95113	3	70
95113	9	77
95113	6	66
95113	12	69
95113	4	71
95113	2	68
95113	3	71
95113	6	76
95113	8	68
95113	8	71
95113	7	69
95113	4	68
95113	12	71
95113	8	68
95113	4	71
95113	20	69
95113	8	65
95113	13	72
95113	10	67
95113	11	78
95113	1	67
95113	14	70
95113	4	75
95113	4	78
95113	4	74
95113	9	72
95113	6	78
95113	4	71
95113	10	77
95113	6	74
95113	9	73
95113	12	77
95113	4	72
95113	10	69
95113	2	72
95113	6	69
95113	6	72
95113	15	72
95113	11	71
95113	8	71
95113	7	71
95113	2	69
95113	1	69
95113	4	68
95113	2	70
95113	1	71
95113	2	67
95113	1	70
95113	4	70
95113	10	65
95113	11	71
95113	5	69
95113	9	65
95113	12	70
95113	5	67
95113	5	69
95113	7	69
95113	3	68
95113	4	70
95113	14	71
95113	2	71
95113	7	69
95113	9	70
95113	8	70
95113	12	69
95113	6	71
95113	6	69
95113	10	69
95113	11	69
95113	8	70
95113	10	71
95113	11	72
95113	2	74
95113	13	70
95113	5	72
95113	3	73
95113	6	69
95113	4	76
95113	10	70
95113	1	70
95113	4	82
95113	8	71
95113	2	68
95113	14	77
95113	5	71
95113	10	68
95113	6	70
95113	6	71
95113	13	70
95113	8	69
95113	7	68
95113	6	68
95113	2	70
95113	8	69
95113	12	71
95113	2	69
95113	3	69
95113	16	70
95113	15	70
95113	4	69
95113	15	71
95113	2	70
95113	4	69
95113	6	70
95113	2	69
95113	8	71
95113	8	68
95113	7	70
95113	7	69
95113	16	68
95113	10	70
95113	7	68
95113	17	67
95113	14	73
95113	9	71
95113	15	72
95113	7	78
95113	2	70
95113	10	71
95113	4	80
95113	2	70
95113	2	72
95113	6	72
95113	1	72
95113	3	68
95113	9	66
95113	9	69
95113	6	70
95113	1	76
95113	2	74
95113	3	70
95113	7	70
95113	8	71
95113	6	72
95113	6	69
95113	10	69
95113	9	67
95113	5	66
95113	12	71
95113	12	69
95113	2	68
95113	12	74
95113	8	70
95113	10	70
95113	3	72
95113	1	67
95113	6	69
95113	3	69
95113	5	69
95113	2	67
95113	4	68
95113	9	71
95113	7	72
95113	8	71
95113	5	70
95113	13	72
95113	10	81
95113	4	68
95113	13	73
95113	9	76
95113	4	69
95113	5	72
95113	1	69
95113	5	67
95113	9	71
95113	4	71
95113	5	66
95113	5	69
95113	4	67
95113	1	68
95113	9	69
95113	8	65
95113	6	71
95113	12	69
95113	9	64
95113	4	66
95113	12	71
95113	5	67
95113	1	69
95113	4	72
95113	6	68
95113	5	71
95113	4	70
95113	2	72
95113	1	73
95113	9	68
95113	5	68
95113	9	66
95113	5	70
95113	2	77
95113	2	81
95113	3	63
95113	14	71
95113	6	67
95113	2	67
95113	9	69
95113	11	68
95113	4	67
95113	8	71
95113	6	74
95113	5	63
95113	12	65
95113	3	74
95113	4	63
95113	8	65
95113	3	71
95113	4	64
95113	5	67
95113	2	70
95113	4	67
95113	7	67
95113	6	66
95113	6	66
95113	9	65
95113	9	64
95113	1	70
95113	13	69
95113	8	66
95113	4	67
95113	12	65
95113	10	62
95113	16	69
95113	10	70
95113	9	66
95113	6	68
95113	10	67
95113	1	67
95113	4	72
95113	1	67
95113	9	69
95113	2	66
95113	2	74
95113	10	63
95113	12	78
95113	7	75
95113	11	65
95113	9	81
